430 30
430 40
400 50
400 30
420 30

25 3
41 7
46 48
7 47
1 23
2 11
14 3

397 106
399 205
398 386
373 391
372 296
372 236
373 166
374 142
380 121

114 122
121 146
123 206
124 246
109 247
23 248
13 232
11 203
16 157
20 138
66 126
112 122

128 11
227 14
239 45
234 69
146 70
137 63
128 25

357 22
368 29
366 60
363 69
362 70
335 69
318 68
272 64
276 42
298 23

210 211
238 214
237 219
230 228
208 238
202 239
200 226
205 214

296 143
299 168
300 232
297 274
264 278
262 264
260 229
261 170
263 160
271 150
279 147

113 261
129 264
137 269
136 304
132 307
85 299
79 292
72 266
80 262
112 261

21 391
63 392
109 399
123 422
124 429
129 491
123 494
41 500
17 494
14 405

362 302
374 365
370 481
156 484
145 424
146 385
150 340
163 325
209 311

